plane 10 0 0   1 0 0   38.0  230.0 57.0     1.0 0.0 0.0   1   0
plane -10 0 0  1 0 0   250.0 57.0  57.0     1.0 0.0 0.0   1   0
plane 0 0 20   0 0 1   210.0 210.0 210.0    1.0 0.0 0.0   1   0
plane 0 -10 0  0 1 0   210.0 210.0 210.0    1.0 0.0 0.0   1   0
plane 0 10 0   0 1 0   255.0 255.0 255.0    0.2 0.2 0.2   1   1
<<<<<<< HEAD
sphere 0 -6 10  3       65.0  65.0  238.0    1.0 0.0 0.0   1   0
=======
sphere 0 -5 10  3       65.0  65.0  238.0    1.0 0.0 0.0   1   0
>>>>>>> 01cfaeeb651fc3fad32a70c2abbf0287615d869d
